
0000010011000000010000000100000110000000000000010000000
0000010011111111111111111100000110000000111111110100000
0000010111000010000000000100010110000000000000111000000
0000011011000011000000110000100110000000000011000000000
0000011111000000110000000100111110000000000000001000000
0000100001000001010000000001000110000000000000110000000
0000100101000010100000000001010110000000000001001000000
0000101010000000000000001001100110000000000000011000000
0000101110000000000000101001110110000000000001001000000
0000110011111111111111111110000110000000000000000010000
0000110111000011001100110010000110000000000000000000100
0000111011001100000000110010000110000000000000000001000
0000111111000000100000010110010110000000000010010000000
0001000011000000100000010110100110000000000010100000000
0001000111000000100000010110110110000000000000111000100
0001001011000001010000001011000110000000000000011001000
0001001111101010100101010100000100000000000000000000000
0001010011101010100101010100010100000000011111111000000
0001010111101010100101010100100100000000011111111000000
0001011011101010100101010100110100000000000000000000000
0001011111111100000000111101000100000000011111111000000
0001100011111100000000111101010100000000000000000000000
0001100101111100000000000001100100000000000001111000000
0001101010000000000000000001110100000000011111111000000
0001101101100000000000000010000100000000001000000000000
0001110001000000010000000010010100000000000000010000000
0001110110000000000000001010100100000000000000001000000
0001111110000000000000001010110100000000000000100000000
0010000011000010000000000111000100000000000010000000000
0010000111001100000000001011000100000000011000000000000
0010001001111111110000000001000110000000100000000100000
0010001101000000000000000001010111111111111111111000010
0010010010000000001111111101100110000000100000000100000
0010010110000000000000000001110111111111111111111000010
0010011011111111111111111100000110000000111111110100000
0010011111000000000000000100010111111111111111111000010
0010100011011111110000000110110110000000010000000001010
0010100111100000001111111110110111111111101111111000110
0010101000000000000000000010100110000000000000000000001
0010101111010000000100000010110110000000010000000010010
0010110011100000001000000010110111111111100000000010000
